Bemessungsniederschlag mit MaxMod- und ÖKOSTRA- Niederschlag [mm]
Gitterpunkt: 5107 (M34, R: -66385m, H: 5220984m)
T: Jährlichkeit
DAUER        DAUERMIN       TYP      1T      2T      3T      5T     10T     20T     25T     30T     50T     75T    100T
-----------------------------------------------------------------------------------------------------------------------
 5 Minuten   5          MaxModN     8.2    10.1    11.3    12.7    14.8    17.5    18.4    19.1    21.2    22.8    23.9
 5 Minuten   5        Bemessung     8.0     9.9    11.0    12.4    14.4    16.7    17.5    18.1    19.9    21.3    22.2
 5 Minuten   5          ÖKOSTRA     7.8     9.7    10.7    12.1    14.0    15.7    16.4    16.8    18.2    19.3    20.0

10 Minuten   10         MaxModN    13.5    16.3    18.5    22.6    28.1    33.6    35.4    36.8    40.9    44.1    46.4
10 Minuten   10       Bemessung    13.2    16.0    17.9    21.0    25.1    29.3    30.6    31.7    34.8    37.2    38.9
10 Minuten   10         ÖKOSTRA    12.8    15.6    17.2    19.2    21.8    24.6    25.4    26.1    28.1    29.7    30.8

15 Minuten   15         MaxModN    17.1    20.6    24.0    29.4    36.7    44.0    46.3    48.2    53.6    57.8    60.9
15 Minuten   15       Bemessung    16.7    20.1    22.8    26.7    32.1    37.4    39.1    40.5    44.4    47.5    49.8
15 Minuten   15         ÖKOSTRA    16.3    19.6    21.6    24.1    27.5    30.8    31.9    32.8    35.2    37.3    38.7

20 Minuten   20         MaxModN    19.6    23.7    27.5    33.6    42.0    50.4    53.1    55.3    61.5    66.4    69.9
20 Minuten   20       Bemessung    19.1    23.1    26.2    30.6    36.6    42.8    44.7    46.3    50.8    54.4    56.9
20 Minuten   20         ÖKOSTRA    18.7    22.6    24.9    27.8    31.6    35.6    36.8    37.8    40.8    43.1    44.7

30 Minuten   30         MaxModN    23.0    28.0    32.6    40.0    50.0    60.1    63.3    65.9    73.3    79.2    83.4
30 Minuten   30       Bemessung    22.4    27.3    30.9    36.3    43.4    50.7    53.0    54.9    60.2    64.4    67.5
30 Minuten   30         ÖKOSTRA    21.9    26.7    29.5    33.1    37.8    42.6    44.2    45.4    49.0    51.8    53.8

45 Minuten   45         MaxModN    26.2    32.1    37.6    46.2    57.8    69.5    73.2    76.3    84.9    91.7    96.5
45 Minuten   45       Bemessung    25.5    31.3    35.6    41.7    50.0    58.3    61.0    63.2    69.3    74.1    77.5
45 Minuten   45         ÖKOSTRA    24.9    30.6    34.0    38.1    43.9    49.5    51.4    52.9    57.1    60.4    62.7

60 Minuten   60         MaxModN    28.1    34.5    41.1    50.6    63.3    76.1    80.3    83.6    93.1   100.5   105.9
60 Minuten   60       Bemessung    27.3    33.6    38.5    45.2    54.2    63.1    66.1    68.5    75.1    80.3    84.0
60 Minuten   60         ÖKOSTRA    26.7    32.9    36.6    41.2    47.5    53.6    55.7    57.4    61.8    65.5    68.0

90 Minuten   90         MaxModN    30.6    37.7    46.2    56.8    71.1    85.5    90.2    94.0   104.6   113.0   119.0
90 Minuten   90       Bemessung    29.7    36.6    42.2    49.4    59.0    68.8    71.9    74.5    81.5    87.3    91.4
90 Minuten   90         ÖKOSTRA    29.1    35.8    39.6    44.5    50.9    57.6    59.7    61.5    66.1    70.1    72.9

 2 Stunden   120        MaxModN    32.3    40.6    49.7    61.2    76.6    92.1    97.2   101.2   112.6   121.7   128.1
 2 Stunden   120      Bemessung    31.4    38.8    44.7    52.2    62.2    72.4    75.7    78.3    85.8    91.8    96.1
 2 Stunden   120        ÖKOSTRA    30.8    37.6    41.5    46.5    53.2    60.0    62.2    64.0    69.0    73.1    76.0

 3 Stunden   180        MaxModN    34.7    45.8    55.9    68.7    86.0   103.4   109.0   113.5   126.3   136.5   143.7
 3 Stunden   180      Bemessung    33.6    42.2    48.4    56.4    67.1    77.9    81.4    84.1    92.1    98.5   102.9
 3 Stunden   180        ÖKOSTRA    33.0    40.1    44.1    49.3    56.3    63.3    65.6    67.3    72.5    76.7    79.5

 4 Stunden   240        MaxModN    36.9    49.4    60.3    74.0    92.7   111.4   117.4   122.3   136.0   146.9   154.7
 4 Stunden   240      Bemessung    35.8    44.8    51.3    59.5    70.7    81.9    85.5    88.4    96.8   103.0   107.9
 4 Stunden   240        ÖKOSTRA    35.2    42.2    46.3    51.4    58.5    65.5    67.8    69.6    75.0    78.7    82.0

 6 Stunden   360        MaxModN    40.1    56.5    68.1    82.7   102.5   122.3   128.7   133.9   148.4   160.0   168.2
 6 Stunden   360      Bemessung    38.9    49.4    56.2    65.0    76.8    88.6    92.4    95.6   104.3   111.1   115.9
 6 Stunden   360        ÖKOSTRA    38.2    45.0    48.9    54.1    60.9    67.7    69.9    71.8    76.9    80.7    83.4

 9 Stunden   540        MaxModN    43.4    63.9    76.1    91.6   112.0   132.4   139.0   144.5   159.6   171.5   180.0
 9 Stunden   540      Bemessung    42.2    55.0    62.4    72.1    84.8    97.6   101.8   105.2   114.6   122.0   127.4
 9 Stunden   540        ÖKOSTRA    41.3    48.0    51.8    56.9    63.7    70.5    72.9    74.7    79.6    83.6    86.5

12 Stunden   720        MaxModN    47.4    69.3    82.1    98.1   118.4   139.0   145.7   150.9   165.9   177.9   186.5
12 Stunden   720      Bemessung    45.5    59.4    67.6    78.0    91.2   104.7   109.0   112.4   122.3   130.0   135.6
12 Stunden   720        ÖKOSTRA    43.7    50.3    54.2    59.3    66.0    72.9    75.0    76.7    81.9    85.6    88.5

18 Stunden   1080       MaxModN    54.5    77.9    91.6   108.4   127.3   146.1   152.1   156.7   170.9   181.8   189.2
18 Stunden   1080     Bemessung    51.3    66.7    75.7    87.0   100.1   113.3   117.3   120.7   130.5   138.1   143.4
18 Stunden   1080       ÖKOSTRA    48.2    55.5    59.9    65.7    73.1    80.6    82.7    85.0    90.4    94.6    97.9

 1 Tag       1440       MaxModN    63.5    84.6    99.1   117.3   142.0   161.7   168.2   172.6   185.9   196.4   203.7
 1 Tag       1440     Bemessung    59.0    74.3    84.3    96.9   114.2   128.5   133.4   136.5   146.7   154.5   160.0
 1 Tag       1440       ÖKOSTRA    54.5    64.1    69.6    76.5    86.4    95.3    98.6   100.5   107.5   112.7   116.3

 2 Tage      2880       MaxModN    74.4    98.2   114.0   133.9   160.9   187.9   194.0   201.0   215.3   226.5   234.1
 2 Tage      2880     Bemessung    68.8    86.4    97.5   111.7   131.1   150.4   154.8   160.1   171.0   179.6   185.5
 2 Tage      2880       ÖKOSTRA    63.1    74.6    81.0    89.5   101.3   112.9   115.6   119.1   126.7   132.6   136.9

 3 Tage      4320       MaxModN    82.3   105.8   122.3   143.1   171.3   199.5   208.6   216.0   234.0   246.2   256.1
 3 Tage      4320     Bemessung    76.2    94.1   106.0   121.0   141.5   162.0   168.4   174.1   187.2   196.7   204.0
 3 Tage      4320       ÖKOSTRA    70.0    82.4    89.6    98.9   111.7   124.4   128.2   132.2   140.3   147.2   151.8

 4 Tage      5760       MaxModN    89.3   111.2   128.2   149.6   178.7   207.6   217.0   224.6   246.1   263.1   271.9
 4 Tage      5760     Bemessung    82.7   100.1   112.5   128.1   149.3   170.8   177.5   183.4   198.9   211.5   218.4
 4 Tage      5760       ÖKOSTRA    76.1    89.0    96.7   106.6   119.9   133.9   138.0   142.2   151.6   159.8   164.9

 5 Tage      7200       MaxModN    94.8   115.3   132.7   154.6   184.3   214.0   223.6   231.4   253.3   270.7   283.0
 5 Tage      7200     Bemessung    87.9   104.9   117.8   133.9   156.0   177.9   185.1   190.7   207.3   220.2   229.0
 5 Tage      7200       ÖKOSTRA    81.0    94.5   102.8   113.2   127.6   141.8   146.5   149.9   161.2   169.6   175.0

 6 Tage      8640       MaxModN   100.1   118.7   136.4   158.7   189.0   219.2   228.9   236.8   259.2   276.9   289.4
 6 Tage      8640     Bemessung    92.9   109.2   122.4   139.1   161.4   184.0   191.5   197.2   213.9   227.3   236.9
 6 Tage      8640       ÖKOSTRA    85.6    99.6   108.4   119.5   133.8   148.7   154.0   157.5   168.6   177.6   184.4
